Balloon 318.08 239.559936 343.68 268.383744
Balloon 348.8 202.40870400000003 382.08 242.121984
Balloon 448.0 239.559936 474.24 265.821696
Balloon 474.88 441.96864 547.84 529.080576
Balloon 503.68 386.24179200000003 547.84 438.12479999999994
Balloon 602.88 299.76959999999997 621.44 320.90726399999994
Balloon 612.48 344.606976 641.28 374.712576
Balloon 650.88 248.527104 672.0 276.069888
Balloon 678.4 377.915136 719.36 417.627648
Balloon 682.88 317.704704 702.72 340.12339199999997
Balloon 708.48 374.07206399999995 729.6 398.412288
Balloon 717.44 325.39084799999995 732.16 341.404416
Balloon 730.88 345.247488 746.24 361.26105600000005
Balloon 799.36 336.28031999999996 815.36 349.09056
Balloon 807.04 369.587712 839.04 395.849472
Balloon 833.28 248.527104 851.84 270.945792
Balloon 864.64 387.52281600000003 953.6 478.478592
Balloon 942.72 314.502144 995.84 368.9472
