Balloon 0.0 257.566813 92.8 331.248853
Balloon 0.0 205.028404 94.08 282.554368
Balloon 80.0 209.512982 158.72 318.434407
Balloon 111.36 273.584529 158.72 310.10522199999997
Balloon 149.12 258.848121 197.76 323.560322
Balloon 176.64 240.90776 243.84 267.17730600000004
Balloon 187.52 257.566813 255.36 327.404246
Balloon 233.6 226.17135199999998 353.92 332.530161
Balloon 313.6 272.303221 360.32 311.38653000000005
Balloon 334.08 242.189751 503.68 332.530161
Balloon 350.08 256.285505 372.48 272.303221
Balloon 439.04 223.60873600000002 503.68 271.02191300000004
Balloon 482.56 255.00351399999997 519.04 308.823914
Balloon 507.52 192.21395800000002 707.2 335.09277699999996
Balloon 700.16 257.566813 771.2 314.5898
Balloon 722.56 68.55612500000001 910.08 293.446852
Balloon 851.2 237.063836 924.8 319.715715
Balloon 895.36 210.79429000000002 962.56 309.464568
Balloon 938.88 133.268326 1023.36 292.16486100000003
Balloon 954.88 244.11171300000004 1009.92 313.308492
