Balloon 318.72 559.258219 353.92 600.211135
Balloon 330.24 524.0645959999999 400.0 601.490831
Balloon 335.36 598.931439 422.4 642.443086
Balloon 337.28 494.630266 361.6 525.9848010000001
Balloon 338.56 455.59755500000006 403.84 539.42227
Balloon 367.36 533.023129 411.52 565.65736
Balloon 372.48 480.552949 401.28 502.30910299999994
Balloon 402.56 560.537915 436.48 593.172146
Balloon 406.4 535.582521 453.76 593.172146
Balloon 416.0 483.112341 469.76 549.6604990000001
Balloon 451.2 509.34743100000003 485.12 564.377664
Balloon 451.2 560.537915 497.28 618.12754
Balloon 512.64 491.431026 588.8 571.415992
Balloon 516.48 375.611928 567.68 445.99917400000004
Balloon 520.96 456.237403 563.84 483.752189
Balloon 531.2 469.035024 621.44 554.779283
Balloon 535.04 573.3361970000001 579.84 621.9672889999999
Balloon 557.44 428.721956 587.52 498.46935400000007
Balloon 576.0 573.3361970000001 637.44 621.9672889999999
Balloon 582.4 539.42227 633.6 590.612754
Balloon 586.24 456.237403 612.48 479.913101
Balloon 595.2 412.08524700000004 650.24 476.7132
Balloon 596.48 461.99603500000006 663.68 531.743433
Balloon 624.0 392.88848500000006 666.24 461.99603500000006
Balloon 634.88 533.023129 693.76 616.847844
Balloon 653.44 438.960185 697.6 501.669255
Balloon 662.4 525.9848010000001 689.92 556.058979
Balloon 666.24 401.847018 714.88 447.91871799999996
Balloon 672.64 483.752189 705.92 524.704444
Balloon 691.2 469.67487200000005 744.96 547.100446
Balloon 696.32 356.41516600000006 767.36 437.68048899999997
Balloon 725.12 438.320337 753.92 507.427887
Balloon 741.12 450.47811 796.16 521.505204
Balloon 747.52 435.760945 764.8 457.517099
Balloon 748.8 389.68924499999997 802.56 452.39765400000005
Balloon 753.92 509.98727900000006 764.8 529.184041
Balloon 759.68 364.094003 802.56 403.126714
Balloon 767.36 516.38642 793.6 549.01999
Balloon 773.76 408.2461589999999 830.08 477.992896
Balloon 781.44 491.431026 840.96 552.859739
Balloon 794.88 437.68048899999997 907.52 512.546671
Balloon 800.0 330.180076 846.08 422.963324
Balloon 828.16 394.80802900000003 870.4 454.95770699999997
Balloon 845.44 389.68924499999997 885.76 442.159425
Balloon 880.64 414.644639 904.32 442.159425
Balloon 888.32 458.79679500000003 935.68 547.100446
Balloon 900.48 415.924335 945.28 461.99603500000006
Balloon 910.72 541.981662 986.88 638.603998
Balloon 912.0 537.5027259999999 946.56 566.937056
Balloon 925.44 492.070874 979.2 545.82075
Balloon 925.44 456.237403 999.04 531.103585
Balloon 930.56 410.80555100000004 954.24 424.88286800000003
Balloon 943.36 405.04625799999997 997.76 469.67487200000005
Balloon 955.52 353.855774 1008.0 422.323476
Balloon 971.52 309.703618 1023.36 397.36808199999996
Balloon 993.28 394.80802900000003 1023.36 497.189658
