Balloon 53.115904 175.484928 131.781632 252.806144
Balloon 131.781632 215.82643199999998 214.48192000000003 293.147648
Balloon 154.642432 291.13036800000003 231.963648 368.45158399999997
Balloon 227.92908799999998 341.557248 308.612096 425.602048
Balloon 296.50944 327.438336 382.57152 421.56748799999997
Balloon 369.796096 348.280832 473.339904 476.028928
Balloon 482.07974400000006 420.22297599999996 583.606272 545.953792
Balloon 618.568704 502.250496 738.24768 646.134784
Balloon 730.179584 414.17216 773.88288 466.61632000000003
Balloon 779.261952 456.53094400000003 829.688832 513.681408
Balloon 835.067904 549.315584 877.4256640000001 591.0016
Balloon 915.750912 667.651072 964.832256 713.370624
Balloon 993.0711039999999 710.008832 1023.327232 769.8493440000001
