Balloon 687.200256 143.19974399999998 740.799488 176.799744
Balloon 701.599744 215.199744 740.799488 272.799744
Balloon 711.199744 148.8 768.799744 217.599744
Balloon 745.6 195.20025600000002 815.200256 236.79974399999998
Balloon 748.8 124.80000000000001 801.599488 168.80025600000002
Balloon 749.599744 284.799744 796.8 343.20000000000005
Balloon 753.599488 151.2 800.799744 196.79999999999998
Balloon 756.799488 273.6 785.599488 289.599744
Balloon 759.199744 105.60000000000001 791.199744 121.599744
Balloon 791.199744 60.800256000000005 852.7994880000001 132.80025600000002
Balloon 792.800256 164.799744 855.1997439999999 217.599744
Balloon 793.6 268.79999999999995 833.599488 312.800256
Balloon 804.799488 121.599744 859.2005119999999 168.80025600000002
Balloon 816.799744 220.79999999999998 847.2002560000001 264.800256
Balloon 839.1997439999999 116.799744 868.7994880000001 167.19974399999998
