Balloon 124.16 209.91974399999998 153.6 244.47974399999998
Balloon 156.16 206.079744 186.88 241.92000000000002
Balloon 181.76 204.800256 221.44 249.60000000000002
Balloon 235.52 197.12025600000004 267.52 231.680256
Balloon 257.28 203.52 289.28 244.47974399999998
Balloon 289.28 198.399744 323.84 244.47974399999998
Balloon 330.24 186.879744 366.08 225.279744
Balloon 373.76 192.0 409.6 231.680256
Balloon 436.48 193.280256 481.28 241.92000000000002
Balloon 496.64 188.16 537.6 225.279744
Balloon 561.92 176.64000000000001 606.72 217.599744
Balloon 619.52 179.19974399999998 669.44 225.279744
Balloon 683.52 189.440256 730.88 240.63974399999998
Balloon 791.04 159.999744 839.68 213.759744
Balloon 870.4 149.76 924.16 193.280256
Balloon 949.76 138.24 1006.08 192.0
