Balloon 0.0 152.86186 19.2 179.08503
Balloon 0.0 41.57333499999999 21.76 91.4612
Balloon 0.0 0.0 28.16 29.421435
Balloon 0.0 240.48569 48.0 291.65245
Balloon 0.0 24.944274999999998 49.92 80.588195
Balloon 0.0 347.936845 50.56 404.85966
Balloon 0.0 105.53246999999999 53.12 163.09507499999998
Balloon 0.0 286.53618500000005 56.96 341.54031499999996
Balloon 1.92 71.633875 58.24 101.69441499999999
Balloon 12.8 179.08503 56.96 216.820995
Balloon 15.36 160.5366 37.76 184.20198
Balloon 15.36 0.0 65.28 21.74601
Balloon 21.76 189.318245 109.44 260.95212000000004
Balloon 23.04 21.74601 49.28 53.08613
Balloon 29.44 310.20088 126.72 383.75343999999996
Balloon 36.48 150.303385 85.76 197.632775
Balloon 36.48 379.27628 119.04 444.51431
Balloon 38.4 94.01967499999999 72.32 130.47606000000002
Balloon 49.28 257.75454 115.2 308.9213
Balloon 49.92 0.0 74.88 101.69441499999999
Balloon 52.48 436.83957 125.44 488.00633
Balloon 66.56 498.24022999999994 126.72 549.4069900000001
Balloon 71.04 14.071269999999998 127.36 83.78646
Balloon 71.68 0.0 109.44 11.512794999999999
Balloon 80.64 86.34425 161.92 143.90754
Balloon 83.2 143.90754 168.96 225.135525
Balloon 96.64 221.29815499999998 172.8 280.14034
Balloon 97.92 8.31453 135.68 42.85223
Balloon 106.88 50.527654999999996 189.44 88.90272499999999
Balloon 108.16 276.30228500000004 179.2 340.26142
Balloon 111.36 340.90121 182.4 401.02229
Balloon 115.2 0.0 154.24 26.86296
Balloon 125.44 395.90602499999994 195.2 449.63126
Balloon 126.72 445.79389 197.76 514.2295
Balloon 128.0 161.17639 167.68 201.47083
Balloon 130.56 128.557375 175.36 166.29333999999997
Balloon 138.24 4.4771600000000005 181.76 53.08613
Balloon 149.76 71.633875 170.88 88.90272499999999
Balloon 154.24 111.28852499999999 201.6 157.33902
Balloon 164.48 154.78054500000002 199.04 201.47083
Balloon 170.24 354.33269 204.16 402.94097500000004
Balloon 238.08 77.390615 266.88 114.48679
Balloon 252.8 53.08613 290.56 86.98404
Balloon 255.36 152.86186 291.84 197.632775
Balloon 264.32 34.5377 307.84 71.633875
Balloon 264.32 81.22798499999999 350.72 105.53246999999999
Balloon 266.88 168.851815 304.0 204.02862000000002
Balloon 280.32 14.071269999999998 315.52 44.13181
Balloon 288.0 180.363925 330.24 228.972895
Balloon 291.84 105.53246999999999 369.28 181.643505
Balloon 294.4 51.806549999999994 373.12 105.53246999999999
Balloon 304.0 234.089845 351.36 289.09397500000006
Balloon 305.28 102.97399499999999 362.88 168.851815
Balloon 331.52 139.43038 382.72 197.632775
Balloon 331.52 196.35388 401.92 264.15038499999997
Balloon 341.76 257.75454 396.8 307.642405
Balloon 351.36 8.31453 396.8 58.202395
Balloon 371.84 51.806549999999994 394.24 113.847
Balloon 373.12 0.0 414.08 28.141855
Balloon 375.68 150.303385 411.52 186.75977
Balloon 385.28 31.979225000000003 425.6 76.750825
Balloon 389.12 229.61268500000003 457.6 283.33791999999994
Balloon 389.76 115.125895 423.04 150.303385
Balloon 390.4 103.61378499999998 456.32 160.5366
Balloon 391.04 32.619015000000005 464.64 99.136625
Balloon 392.96 14.071269999999998 412.8 33.258805
Balloon 400.64 203.389515 469.12 253.27738000000002
Balloon 403.84 177.166345 442.88 214.26252000000002
Balloon 407.68 15.350165 439.04 47.969179999999994
Balloon 408.96 143.26775 448.0 189.318245
Balloon 410.88 85.065355 484.48 99.136625
Balloon 419.2 134.31343 451.84 159.257705
Balloon 439.04 179.72482 480.64 215.54141500000003
Balloon 448.0 140.70996 487.68 181.003715
Balloon 453.12 93.379885 483.84 119.60305500000001
Balloon 458.88 124.72000500000001 485.12 148.38469999999998
Balloon 466.56 194.43519499999996 494.08 229.61268500000003
Balloon 476.8 74.83214000000001 511.36 117.04458000000001
Balloon 479.36 47.329390000000004 520.32 81.86709
Balloon 483.84 123.440425 516.48 152.22206999999997
Balloon 487.68 95.93835999999999 522.88 136.87190500000003
Balloon 505.6 77.390615 525.44 95.93835999999999
Balloon 508.8 69.71519 526.72 90.82140999999999
Balloon 525.44 79.3093 554.24 113.847
Balloon 539.52 88.90272499999999 576.0 130.47606000000002
Balloon 545.92 57.563289999999995 580.48 83.78646
Balloon 552.96 131.75564 597.12 170.13071
Balloon 555.52 67.79650500000001 588.16 104.25289
Balloon 561.92 208.50578 584.32 240.48569
Balloon 565.76 234.72894999999997 630.4 284.6175
Balloon 568.32 166.29333999999997 589.44 192.51651
Balloon 569.6 99.136625 608.0 136.2328
Balloon 574.72 182.9224 634.24 241.124795
Balloon 583.04 147.74491 624.64 184.20198
Balloon 584.32 282.05902499999996 619.52 328.10952000000003
Balloon 597.12 111.28852499999999 635.52 152.86186
Balloon 598.4 58.842185 631.68 91.4612
Balloon 602.24 325.551045 623.36 356.89048
Balloon 602.24 452.82884 657.92 503.996285
Balloon 611.84 404.22055499999993 664.32 451.54994500000004
Balloon 613.12 309.56109000000004 672.0 363.286325
Balloon 614.4 359.44895500000007 663.04 393.34755
Balloon 614.4 266.70885999999996 668.16 310.84067
Balloon 616.96 498.24022999999994 636.8 521.904925
Balloon 616.96 44.13181 650.88 74.19234999999999
Balloon 619.52 142.628645 660.48 181.643505
Balloon 619.52 219.37878500000002 674.56 266.70885999999996
Balloon 625.92 72.91345500000001 643.2 116.405475
Balloon 625.92 14.071269999999998 669.44 53.08613
Balloon 625.92 162.45596999999998 686.72 217.46009999999998
Balloon 628.48 0.0 666.88 24.304485
Balloon 634.24 177.80613499999998 672.0 217.46009999999998
Balloon 641.92 56.28371 673.28 86.34425
Balloon 643.2 53.08613 664.32 127.91758500000002
Balloon 647.04 133.674325 674.56 165.01376
Balloon 654.72 122.80132 699.52 145.18643500000002
Balloon 656.64 421.489405 690.56 460.50426500000003
Balloon 656.64 334.505365 705.92 386.951705
Balloon 659.2 92.74009499999998 705.92 124.08021500000001
Balloon 659.2 285.896395 710.4 334.505365
Balloon 661.76 243.04416500000002 710.4 290.373555
Balloon 664.32 19.187535 704.64 57.563289999999995
Balloon 665.6 380.55586000000005 694.4 425.326775
Balloon 665.6 189.318245 720.64 244.32306000000003
Balloon 666.88 155.420335 705.92 189.95803500000002
Balloon 670.72 3.83737 699.52 24.304485
Balloon 690.56 130.47606000000002 725.76 162.45596999999998
Balloon 693.12 162.45596999999998 727.04 201.47083
Balloon 700.8 97.217255 718.08 113.20721
Balloon 703.36 60.760870000000004 732.16 86.98404
Balloon 707.2 100.41552 743.04 126.63869000000001
Balloon 710.4 65.87782 750.72 103.61378499999998
Balloon 714.24 120.242845 750.72 155.420335
Balloon 727.04 154.140755 749.44 188.67914000000002
Balloon 740.48 161.17639 766.72 191.23693000000003
Balloon 746.88 127.91758500000002 770.56 159.897495
