Balloon 71.999488 308.799488 188.8 419.2
Balloon 73.6 78.400512 203.199488 198.4
Balloon 84.800512 196.800512 199.99948799999999 308.799488
Balloon 112.0 438.4 209.600512 531.2
Balloon 131.2 385.60051200000004 172.8 446.39948799999996
Balloon 137.6 289.60051200000004 182.4 368.0
Balloon 140.8 188.8 208.0 267.200512
Balloon 153.6 246.4 281.6 369.60051200000004
Balloon 166.4 145.600512 276.799488 259.2
Balloon 169.6 369.60051200000004 270.39948799999996 468.799488
Balloon 196.800512 462.39948799999996 299.200512 563.2
Balloon 236.8 329.6 318.39948799999996 427.200512
Balloon 240.0 227.2 318.39948799999996 324.799488
Balloon 251.199488 423.999488 315.200512 502.4
Balloon 583.999488 332.8 652.8 396.8
Balloon 588.8 398.39948799999996 659.2 470.4
Balloon 596.799488 270.39948799999996 638.400512 345.6
Balloon 608.0 270.39948799999996 683.200512 355.2
Balloon 615.999488 457.6 652.8 505.6
Balloon 638.400512 345.6 705.599488 417.60051200000004
Balloon 652.8 438.4 720.0 507.200512
Balloon 670.400512 388.799488 736.0 449.60051200000004
Balloon 672.0 305.60051200000004 729.6 374.4
