Balloon 0.0 135.04 58.27417200000001 272.64
Balloon 30.097342 451.2 133.19801 565.12
Balloon 37.14172 126.08 138.321194 276.48
Balloon 61.476162 234.24 171.620526 381.44
Balloon 73.643042 112.0 161.37483999999998 245.12
Balloon 75.56423600000001 364.16 173.54171999999997 482.56
Balloon 131.27681600000003 186.88 242.06226 344.32
Balloon 147.286084 99.84 249.105956 225.92
Balloon 210.043042 73.6 322.1086 192.64
Balloon 220.929808 16.0 322.1086 97.92
Balloon 325.950988 61.44 427.13046199999997 216.96
Balloon 429.051656 57.6 535.99403 213.76
Balloon 532.1523239999999 61.44 642.937086 197.76
Balloon 588.505302 154.24 681.3596020000001 297.6
Balloon 658.3059559999999 394.24 681.3596020000001 495.36
