Balloon 513.92 196.60861199999997 576.0 242.71948799999998
Balloon 532.48 221.585184 572.8 258.089292
Balloon 537.6 247.84275599999998 579.84 302.91843599999993
Balloon 548.48 186.36207599999997 592.64 212.619648
Balloon 568.32 251.044524 620.8 309.963204
Balloon 572.16 223.50668399999998 610.56 256.167792
Balloon 573.44 198.530112 619.52 220.94468399999997
Balloon 576.0 206.21537999999998 622.08 232.47222
Balloon 585.6 231.19195200000001 643.2 294.5934
Balloon 611.84 185.721576 647.04 215.821416
Balloon 620.8 198.530112 663.04 222.225684
Balloon 624.64 211.97914799999998 663.04 238.235988
Balloon 628.48 228.629952 670.72 252.32552400000003
Balloon 628.48 252.32552400000003 682.88 308.682204
Balloon 656.64 193.40684399999998 705.92 244.640256
Balloon 663.04 231.19195200000001 711.68 284.986632
Balloon 703.36 206.21537999999998 732.16 233.75322
Balloon 707.2 231.19195200000001 743.04 274.740096
Balloon 723.2 187.00257599999998 775.68 238.235988
