Balloon 0.0 605.4740360000001 17.28 652.88653
Balloon 13.44 593.940898 94.72 675.311469
Balloon 49.92 483.097511 90.88 527.9473889999999
Balloon 119.68 621.491752 161.92 665.700976
Balloon 129.92 577.923182 213.12 663.137677
Balloon 188.16 506.8037580000001 225.92 547.809712
Balloon 195.2 145.442118 259.2 211.434944
Balloon 195.84 592.65959 270.72 674.030161
Balloon 253.44 601.629429 300.8 671.466862
Balloon 298.24 581.7671059999999 380.8 665.700976
Balloon 300.8 639.43143 324.48 666.9822839999999
Balloon 305.28 251.800244 371.84 319.075061
Balloon 378.24 605.4740360000001 387.2 621.491752
Balloon 382.08 588.174329 453.12 620.2104439999999
Balloon 466.56 292.805515 572.8 384.42791600000004
Balloon 554.24 585.611713 616.96 663.137677
Balloon 605.44 639.43143 630.4 660.575061
Balloon 678.4 490.14538799999997 715.52 534.3546120000001
Balloon 691.84 558.0608589999999 759.68 651.605222
Balloon 755.84 568.9533429999999 817.92 655.449146
