Balloon 11.027055 822.350848 81.91400999999999 901.12
Balloon 36.231501 833.378304 116.56946400000001 931.0525439999999
Balloon 81.91400999999999 864.88576 174.855075 964.1349119999999
Balloon 143.349078 771.938304 272.52164400000004 868.036608
Balloon 163.82801999999998 604.947456 277.247148 710.498304
Balloon 174.855075 882.2149119999999 275.67197999999996 984.6149119999999
Balloon 226.839135 467.88915199999997 304.026762 554.534912
Balloon 277.247148 877.489152 374.91371699999996 984.6149119999999
Balloon 332.381544 786.116608 433.199328 883.7908480000001
Balloon 385.94077200000004 891.667456 477.306669 995.643392
Balloon 466.279614 619.12576 576.548406 719.9508480000001
Balloon 488.333724 872.763392 600.177684 984.6149119999999
Balloon 505.66145099999994 452.134912 615.930243 529.3291519999999
Balloon 589.150629 863.3108480000001 685.24203 967.28576
Balloon 614.355075 609.67424 749.8283129999999 704.196608
Balloon 664.763088 869.612544 768.731208 970.436608
Balloon 678.940479 713.649152 804.9627089999999 823.92576
Balloon 712.021644 822.350848 811.263381 923.174912
Balloon 790.7853180000001 814.47424 869.548113 912.147456
