Balloon 185.6 96.10697900000001 230.4 126.220449
Balloon 325.12 288.320937 349.44 320.997023
Balloon 337.92 293.446852 375.68 332.530161
Balloon 385.28 0.0 554.88 135.830942
Balloon 544.0 0.0 687.36 94.185017
Balloon 894.72 0.6406540000000001 994.56 92.903709
Balloon 902.4 100.59223999999999 998.4 185.80673499999997
Balloon 960.0 0.0 1023.36 36.520693
Balloon 973.44 49.335139000000005 1023.36 134.549634
Balloon 992.64 10.251147 1023.36 83.292533
Balloon 998.4 115.328648 1023.36 187.08804300000003
Balloon 1013.76 291.524207 1023.36 332.530161
