Balloon 19.84 369.050854 93.44 433.76237199999997
Balloon 40.96 447.858126 69.76 470.283065
Balloon 128.64 370.9728160000001 177.92 419.66730100000007
Balloon 197.76 320.35636900000003 229.12 350.469839
Balloon 201.6 372.254124 246.4 415.82269400000007
Balloon 229.12 106.99878 298.88 251.800244
Balloon 259.2 250.518936 285.44 285.757638
Balloon 261.76 220.405466 293.12 249.23762799999997
Balloon 361.6 312.027184 403.84 364.565593
Balloon 384.0 301.77603700000003 436.48 355.59575400000006
Balloon 417.92 320.35636900000003 464.0 365.846901
Balloon 764.16 0.0 809.6 35.239385
Balloon 778.24 35.239385 816.64 82.65187900000001
Balloon 779.52 37.802001 848.0 101.23289400000002
Balloon 792.96 83.933187 856.96 139.034895
Balloon 800.64 0.0 870.4 48.69448500000001
Balloon 842.88 30.11347 901.76 87.777794
Balloon 844.16 77.525964 860.8 93.544363
Balloon 854.4 74.963348 915.84 132.627672
