Balloon 171.52 327.83412 234.88 386.74183999999997
Balloon 192.64 386.74183999999997 250.24 445.64956
Balloon 209.92 258.68152 263.68 316.3088
Balloon 250.24 459.09587999999997 296.32 534.01148
Balloon 266.24 308.62548 287.36 353.44631999999996
Balloon 277.76 292.6176 295.04 329.75512000000003
Balloon 289.92 265.0844 318.72 292.6176
Balloon 291.2 461.65743999999995 320.0 532.09048
Balloon 314.88 314.3878 368.64 372.01508
Balloon 369.92 325.27324 400.0 374.57596
Balloon 419.84 256.76052 478.72 349.60432000000003
Balloon 488.96 259.96264 533.76 275.96984000000003
Balloon 641.28 154.95296 689.92 210.01868000000002
Balloon 641.28 197.21292000000003 700.16 243.95476
Balloon 687.36 148.55007999999998 744.96 218.98311999999999
Balloon 709.76 291.33716 784.64 353.44631999999996
Balloon 778.88 195.93248 832.64 268.9264
Balloon 817.28 208.73823999999996 856.32 268.9264
