Balloon 0.0 161.557578 66.24256 306.54571
Balloon 2.75968 240.265116 129.72544 381.110746
Balloon 213.90847999999997 160.17674399999999 245.649408 197.45926200000002
Balloon 220.808192 98.039214 262.21056 147.749238
Balloon 234.609664 139.464234 253.92947200000003 165.70007999999999
Balloon 252.550144 131.17923000000002 295.33184 187.79342400000002
Balloon 724.528128 254.073456 830.792704 371.444908
Balloon 745.229312 169.842582 854.253568 289.97570199999996
Balloon 815.611904 104.943384 935.676928 240.265116
Balloon 816.992256 301.02237400000007 938.436608 421.154932
Balloon 847.352832 205.744266 966.0375039999999 316.211548
