Balloon 269.60896 449.56057599999997 381.678592 566.754304
Balloon 331.086848 356.70323199999996 418.822144 473.895936
Balloon 347.097088 545.620992 451.48262400000004 653.848576
Balloon 367.58937599999996 440.59545599999996 479.66003200000006 560.990208
Balloon 395.767808 321.480704 498.871296 450.8416
Balloon 430.989312 517.443584 511.039488 608.379904
Balloon 457.245696 391.284736 544.339968 479.019008
Balloon 460.44774400000006 463.649792 568.675328 571.877376
Balloon 471.33491200000003 569.9563519999999 579.562496 678.823936
Balloon 528.970752 395.126784 642.321408 519.364608
