Balloon 269.44 74.88 289.28 111.359808
Balloon 277.76 76.15987200000001 315.52 110.079936
Balloon 282.88 276.48 310.4 307.83974399999994
Balloon 282.88 131.200128 314.88 157.439808
Balloon 287.36 106.239744 316.16 142.72012800000002
Balloon 289.92 263.040192 331.52 298.880064
Balloon 304.0 63.99993599999999 327.68 104.95987199999999
Balloon 305.28 141.440256 341.12 168.959808
Balloon 305.28 293.120064 342.4 335.359872
Balloon 307.84 107.520192 341.12 144.0
Balloon 308.48 407.04019200000005 320.64 419.840064
Balloon 313.6 65.27980799999999 351.36 110.079936
Balloon 316.16 218.240064 331.52 241.92
Balloon 316.16 247.68 353.92 279.039744
Balloon 317.44 242.55993599999996 331.52 260.479872
Balloon 318.72 189.440064 334.08 205.440192
Balloon 318.72 199.680192 341.12 225.91987199999997
Balloon 321.28 173.43993600000002 341.12 197.119872
Balloon 323.84 273.920256 366.08 309.120192
Balloon 330.24 156.799872 360.32 191.999808
Balloon 331.52 215.679744 362.88 248.31993599999998
Balloon 339.84 189.440064 373.76 218.240064
Balloon 341.12 125.44012800000002 368.64 161.28000000000003
Balloon 351.36 300.159936 375.04 326.400192
Balloon 352.64 239.36025600000002 382.72 280.320192
Balloon 361.6 155.52 386.56 190.719936
Balloon 361.6 111.359808 389.12 144.0
Balloon 361.6 206.720064 394.88 239.36025600000002
Balloon 368.64 321.280128 394.88 356.480064
Balloon 368.64 179.199936 405.12 213.12
Balloon 369.92 289.279872 400.0 322.56000000000006
Balloon 376.32 137.600064 401.28 170.240256
Balloon 376.32 231.679872 408.96 260.479872
Balloon 377.6 264.320064 407.68 282.879936
Balloon 385.28 174.719808 403.84 186.87974400000002
Balloon 392.32 339.200064 419.84 355.20019199999996
Balloon 393.6 205.440192 424.96 234.240192
Balloon 393.6 279.039744 426.24 310.40006400000004
Balloon 397.44 164.480256 426.24 184.32
Balloon 398.72 306.559872 419.84 336.63974399999995
Balloon 403.84 181.760256 430.08 211.840128
Balloon 408.96 217.600128 444.8 250.23974399999997
Balloon 410.24 245.12025600000004 441.6 281.60006400000003
Balloon 422.4 327.680064 449.92 351.36
Balloon 424.96 272.639808 449.92 305.28000000000003
Balloon 424.96 304.00012799999996 457.6 328.95993599999997
Balloon 425.6 418.560192 453.12 442.24012799999997
Balloon 430.08 240.640128 458.88 268.800192
