Balloon 0.0 481.91999999999996 49.92 558.72
Balloon 25.6 422.40000000000003 62.72 503.04
Balloon 106.24 318.080256 168.96 381.44025600000003
Balloon 147.84 259.839744 216.32 337.92
Balloon 240.0 255.36 300.8 321.920256
Balloon 263.68 154.880256 332.8 230.39999999999998
Balloon 319.36 116.480256 378.88 190.719744
Balloon 377.6 92.799744 453.12 174.72
Balloon 456.96 69.12 527.36 148.479744
Balloon 538.88 72.96000000000001 615.68 161.91974399999998
Balloon 616.96 83.84025600000001 680.32 167.04
Balloon 683.52 122.240256 753.28 205.44
Balloon 729.6 169.599744 820.48 254.079744
Balloon 798.08 220.160256 868.48 296.319744
Balloon 848.64 278.4 919.68 357.759744
Balloon 878.72 333.44025600000003 935.68 414.08025599999996
