Balloon 61.44 263.33269900000005 128.64 315.87179100000003
Balloon 121.6 269.739922 233.6 345.985261
Balloon 171.52 194.13592 256.64 279.351098
Balloon 477.44 208.87232799999998 547.2 325.482284
Balloon 502.4 308.182577 558.72 395.96037099999995
Balloon 549.76 158.896535 668.8 306.901269
Balloon 627.2 280.632406 682.24 371.61346999999995
Balloon 652.16 292.805515 747.52 409.415471
Balloon 707.2 351.75114700000006 827.52 486.942118
Balloon 714.88 206.950366 813.44 320.35636900000003
Balloon 771.2 449.13943399999994 843.52 526.666081
Balloon 800.0 108.921425 927.36 247.955637
Balloon 872.32 0.0 942.08 67.915471
Balloon 902.4 124.29848700000001 1017.6 251.800244
Balloon 908.8 91.62171800000002 1003.52 149.28604199999998
Balloon 932.48 0.0 1023.36 96.747633
Balloon 951.04 230.65661300000002 1012.48 340.218692
Balloon 994.56 216.560859 1023.36 320.35636900000003
