Balloon 0.0 288.63974399999995 22.4 324.48
Balloon 0.0 159.35999999999999 32.0 289.92
Balloon 0.0 319.359744 111.36 536.319744
Balloon 0.0 476.799744 227.84 720.0
Balloon 12.16 207.999744 179.84 373.119744
Balloon 86.4 446.079744 136.32 484.479744
Balloon 99.2 339.200256 268.8 499.20000000000005
Balloon 163.84 462.08025599999996 325.76 634.239744
Balloon 219.52 258.560256 389.12 446.079744
Balloon 257.92 341.76 478.72 525.440256
Balloon 292.48 528.0 506.88 733.4399999999999
Balloon 320.0 475.520256 492.16 554.88
Balloon 405.12 499.20000000000005 550.4 655.359744
Balloon 457.6 348.159744 607.36 496.640256
Balloon 497.28 483.200256 606.08 588.800256
