Balloon 3.2 27.535493999999996 83.84 110.14274699999999
Balloon 5.76 101.81825999999998 26.88 154.96868700000002
Balloon 15.36 101.81825999999998 44.16 124.87115999999999
Balloon 41.6 96.694965 104.32 133.83634800000002
Balloon 69.76 26.254863 146.56 106.300854
Balloon 130.56 86.449146 200.96 149.845392
Balloon 141.44 22.412969999999998 223.36 94.13370300000001
Balloon 199.68 81.966552 286.08 156.24931800000002
Balloon 218.24 17.289675 308.48 99.25699800000001
Balloon 277.76 83.24718299999999 349.44 173.538993
Balloon 304.64 19.851708000000002 385.28 97.975596
Balloon 348.16 70.440102 398.72 123.590529
Balloon 370.56 79.40529000000001 456.96 162.012543
Balloon 393.6 26.254863 475.52 100.537629
Balloon 435.84 5.123295 494.08 66.598209
Balloon 453.12 58.272951 535.04 152.406654
Balloon 529.92 66.598209 567.04 115.266042
Balloon 549.76 60.194283000000006 634.88 154.327986
Balloon 575.36 8.965188 662.4 63.396246
Balloon 636.16 61.474914 722.56 139.599573
Balloon 649.6 13.447782 701.44 38.422014
Balloon 704.0 5.123295 790.4 75.56339700000001
Balloon 726.4 78.12465900000001 810.24 146.003499
Balloon 790.4 5.123295 874.88 53.150427
Balloon 812.8 74.282766 896.0 154.327986
Balloon 874.88 8.324487 958.72 50.589164999999994
Balloon 885.76 75.56339700000001 961.28 147.28413
Balloon 942.72 67.87884 1020.8 113.985411
Balloon 956.16 14.728412999999998 1003.52 40.983276
Balloon 972.16 92.853072 1019.52 147.28413
