Balloon 382.976 25.599523 425.984 66.559033
Balloon 399.36 53.247363 442.368 81.91902
Balloon 404.48 174.078259 421.888 198.65396500000003
Balloon 412.672 195.58183100000002 448.512 238.588975
Balloon 422.912 608.2490649999999 455.68 639.992856
Balloon 424.96 21.503572 462.848 63.487581999999996
Balloon 425.984 154.62232099999997 465.92 201.725416
Balloon 425.984 560.12147 493.568 623.608369
Balloon 430.08 520.1857769999999 484.352 575.4814570000001
Balloon 431.104 615.416467 500.736 681.976183
Balloon 431.104 65.53521599999999 516.096 174.078259
Balloon 444.416 178.17421 479.232 211.965635
Balloon 460.8 52.223546 475.136 66.559033
Balloon 479.232 573.4331399999999 548.864 645.112624
Balloon 483.328 21.503572 532.48 83.967337
Balloon 484.352 531.449813 545.792 586.74481
Balloon 502.784 15.359986999999999 602.112 147.454236
Balloon 505.856 618.4886009999999 553.984 658.424294
Balloon 527.36 522.234094 575.488 561.1452869999999
Balloon 540.672 555.0017019999999 581.632 615.416467
Balloon 556.032 628.7288199999999 586.752 658.424294
Balloon 559.104 584.697176 620.544 642.04049
Balloon 565.248 548.8574339999999 615.424 592.889078
Balloon 604.16 537.5933980000001 673.792 601.0809800000001
Balloon 644.096 573.4331399999999 715.776 642.04049
Balloon 651.264 506.87410700000004 723.968 578.552908
Balloon 657.408 639.992856 684.032 650.232392
Balloon 684.032 611.320516 782.336 681.976183
Balloon 701.44 550.905751 775.168 626.6805029999999
Balloon 710.656 515.066009 771.072 561.1452869999999
