Balloon 0.0 104.922972 337.28 644.893062
Balloon 154.88 380.02608599999996 432.64 681.3602840000001
Balloon 158.72 0.0 549.76 275.103114
Balloon 321.28 126.675362 595.2 492.626332
Balloon 414.08 342.279432 627.2 596.269872
Balloon 577.28 222.64162800000003 633.6 371.06937999999997
Balloon 609.92 344.838978 671.36 506.06173200000006
Balloon 613.12 0.0 853.12 288.538514
Balloon 636.16 267.42584 842.24 491.3469
Balloon 675.2 399.859328 967.04 681.3602840000001
Balloon 687.36 230.31890200000004 864.64 380.02608599999996
Balloon 840.96 257.829418 889.6 339.72056799999996
Balloon 847.36 325.00573599999996 977.28 474.71292
